Date	SBER	ALRS	GMKN	PLZL	RTKM	SNGS
2017-01-05	174.41	101.02000000000001	10084	4516	84.735	32.5625
2017-01-06	171.625	101.33	9998.5	4523.5	84.49000000000001	32.35
2017-01-09	170.22	100.60499999999999	10084.5	4515	84.82	32.335
2017-01-10	169.92000000000002	100.505	10257	4515	84.875	32.0475
2017-01-11	170.79500000000002	99.91	10369	4520.5	85.225	31.997500000000002
2017-01-12	169.335	100.055	10133.5	4515.5	85.35	32.065
2017-01-13	168.135	101.05	9866	4527.5	85.215	32.1475
2017-01-16	165.43	100.96000000000001	9778	4564	85.245	32.0875
2017-01-17	164.905	100.355	9690	4681.5	84.705	31.975
2017-01-18	166.055	100.53	9580	4610	84.55	32.0725
2017-01-19	165.84	100.765	9576.5	4593	84.35499999999999	32.0575
2017-01-20	166.805	99.065	9455.5	4601.5	84.66999999999999	32.525
2017-01-23	165.92000000000002	100.46000000000001	9404	4623	84.545	32.567499999999995
2017-01-24	168.97	104.225	9437	4596.5	84.41	32.7675
2017-01-25	170.4	105.25	9493.5	4611.5	83.23	32.755
2017-01-26	171.725	104.685	9689.5	4609	82.345	33.3
2017-01-27	175.95999999999998	106.345	9768.5	4607.5	83.51	33.495000000000005
2017-01-30	176.12	106.315	9799.5	4596	83.66499999999999	33.4375
2017-01-31	173.67000000000002	106.4	9724.5	4627	83.505	34.065
2017-02-01	173.01	105.43	9753	4574.5	85.015	34.72
2017-02-02	173.32	104.435	10055.5	4576.5	84.41499999999999	34.5475
2017-02-03	173.23000000000002	103.87	10117.5	4523.5	84.14	35.055
2017-02-06	173.6	104.67500000000001	10017.5	4537.5	84.065	35.075
2017-02-07	172.845	105.14	10011.5	4457.5	84.195	35.445
2017-02-08	171.96	104.85	10144.5	4472.5	84.05	35.397499999999994
2017-02-09	170.255	103.525	10052	4525.5	84.175	35.265
2017-02-10	167.925	103.16	9987	4463	85.125	34.894999999999996
2017-02-13	165.275	102.16	9970	4453.5	84.975	34.2775
2017-02-14	163.575	99.94999999999999	9791.5	4453	84.78	34
2017-02-15	162.785	99.475	9785	4438	83.47	33.985
2017-02-16	164.35500000000002	99.97	9937.5	4437	82.255	34.730000000000004
2017-02-17	165.76999999999998	100.235	9818	4450.5	80.79	34.9625
2017-02-20	165.31	98.24000000000001	9651.5	4467	79.465	34.650000000000006
2017-02-21	166.59	98.89	9601.5	4455	79.475	34.75
2017-02-22	166.325	97.25999999999999	9607	4465.5	79.4	34.58
2017-02-24	166.525	94.77000000000001	9465	4446.5	79.325	33.955
2017-02-27	163.48000000000002	94	9418	4433.5	79.59	32.8575
2017-02-28	158.445	92	9036.5	4334	78.64	32.9625
2017-03-01	158.45499999999998	93.465	9372.5	4437	78.85	32.0275
2017-03-02	162.315	95.03	9385	4430	78.975	32.425
2017-03-03	163.25	94.235	9290.5	4430	78.65	32.519999999999996
2017-03-06	163.995	94.875	9323.5	4466.5	79.025	32.417500000000004
2017-03-07	160.64	92.42500000000001	9151	4455	77.41499999999999	31.635
2017-03-09	158.035	90.12	8897.5	4429.5	75.105	31.855
2017-03-10	157.47500000000002	87.745	8800.5	4432.5	75.25999999999999	32.25
2017-03-13	157.865	86.755	8945.5	4437	75.35	31.945
2017-03-14	158.885	88.26	9037.5	4444	76.975	31.9625
2017-03-15	157.865	87.72	9097	4447	77.01	32.0475
2017-03-16	158.83499999999998	90	9110	4415	76.315	31.744999999999997
2017-03-17	160.51	93.765	9149.5	4425	76.32	32.3275
2017-03-20	162.33	94.66499999999999	9094.5	4410	76.85499999999999	33.095
2017-03-21	163.87	94.765	9075	4388	78.215	33.44
2017-03-22	161.33499999999998	93.48	9050	4403.5	77.565	33.63
2017-03-23	163.47	95.75	9171.5	4359	78.13499999999999	33.522499999999994
2017-03-24	164.485	95.175	9128.5	4399.5	77.64	33.2625
2017-03-27	162.235	94.475	8989.5	4426	77.135	32.754999999999995
2017-03-28	163.075	93.945	8948	4429.5	76.89	33.045
2017-03-29	163.635	92.855	8990	4432	76.50999999999999	33.15
2017-03-30	163	92.845	8947	4437.5	76.445	32.7175
2017-03-31	161.605	92.32	8918.5	4430	76.505	32.29
2017-04-03	161.39	92.185	8957.5	4425	76.62	31.9725
2017-04-04	162.325	91.77	8998	4396	76.66499999999999	32.207499999999996
2017-04-05	166.135	92.37	9106	4400.5	77.69999999999999	32.75
2017-04-06	167.3	91.39500000000001	9136	4413.5	77.9	32.6975
2017-04-07	163.775	89.92	9038	4408	77.46000000000001	33.075
2017-04-10	157.95	86.93	8962	3973	77	32.6925
2017-04-11	156.60000000000002	88.11	9002	4384.5	76.21000000000001	31.847499999999997
2017-04-12	153.86	89.62	8945	4391.5	75.565	30.8275
2017-04-13	151.52499999999998	88.955	8814.5	4394	75.14500000000001	30.1625
2017-04-14	150.425	88.19999999999999	8767.5	4375	73.75	30.4575
2017-04-17	150.91	88.01	8758	4403	74.17	29.9575
2017-04-18	153.87	88.925	8704.5	4387.5	74.49000000000001	29.8725
2017-04-19	153.87	88.68	8571	4286	74.06	29.560000000000002
2017-04-20	155.32999999999998	88.625	8545.5	4399.5	72.89	29.060000000000002
2017-04-21	159.05	91.44	8553.5	4397	73.685	29.205
2017-04-24	162.215	93.815	8586	4410	74.055	29.5075
2017-04-25	162.42000000000002	94.655	8759.5	4391	75.125	29.8975
2017-04-26	163.75	94.995	8830.5	4381.5	76.35	30.925
2017-04-27	164.53	96.16499999999999	8827.5	4387	75.99000000000001	31.2425
2017-04-28	164.95499999999998	97.36500000000001	8816.5	4400	74.645	30.945
2017-05-02	166.675	99.17500000000001	8855	4396	75.14	30.815
2017-05-03	165.065	96.965	8737.5	4383.5	74.685	30.979999999999997
2017-05-04	165.59	95.60499999999999	8659	4385.5	74.695	31.439999999999998
2017-05-05	165.3	93.85499999999999	8667.5	4458.5	74.78999999999999	31.794999999999998
2017-05-10	168.60500000000002	94.4	8693	4439.5	75.245	31.4775
2017-05-11	170.615	93.8	8568.5	4458.5	74.815	31.405
2017-05-12	168.64	93.75	8431.5	4454	74.525	31.35
2017-05-15	169.785	92.84	8440.5	4469	75.055	30.355
2017-05-16	170.99	90.61	8442.5	4443	74.77	30.1125
2017-05-17	169.39999999999998	89.51	8405.5	4447	74.25999999999999	29.7625
2017-05-18	166.935	89.955	8346	4462	73.83500000000001	29.884999999999998
2017-05-19	167.895	90.12	8400	4475	73.5	29.79
2017-05-22	168.81	89.255	8313	4464.5	73.195	29.17
2017-05-23	166.85000000000002	90.735	8299	4458	73.125	29.552500000000002
2017-05-24	165.495	91.275	8345.5	4435	72.75	29.424999999999997
2017-05-25	165.24	90.325	8337.5	4417	72.32	29.4625
2017-05-26	162.21	88.81	8214.5	4439.5	72.21000000000001	29.515
2017-05-29	162.45499999999998	89.245	8195	4430.5	72.6	29.822499999999998
2017-05-30	162.31	90.22	8097.5	4428.5	72.12	29.7925
2017-05-31	158.315	88.44	7984.5	4433.5	71.825	29
2017-06-01	154.74	88.055	7854	4419.5	71.41	27.85
2017-06-02	154.38	87.5	7783.5	4420.5	70.82	27.59
2017-06-05	156.66	88.56	7883	4403	71.24000000000001	27.8125
2017-06-06	154.055	87.985	7877.5	4438	70.53999999999999	27.725
2017-06-07	153.43	86.975	7904	4444.5	70.275	27.64
2017-06-08	150.84	85.975	7947	4445.5	70.28	26.89
2017-06-09	151.935	86.33500000000001	8065	4455.5	70.505	27.380000000000003
2017-06-13	146.15	84.86500000000001	8083.5	4391	70.68	27.424999999999997
2017-06-14	144.23000000000002	82.28	8102.5	4437	70.09	26.965
2017-06-15	139.20499999999998	79.25	7985.5	4285	69.35	26.4625
2017-06-16	140.91000000000003	82.11500000000001	8113	4318.5	70.09	27.052500000000002
2017-06-19	143.47500000000002	82.91999999999999	8217.5	4184.5	70.42500000000001	27.5425
2017-06-20	145.3	83.1	8303.5	4201.5	70.255	28.38
2017-06-21	143.88	82.505	8266	4237.5	70.13	28.98
2017-06-22	143.735	82.32	7870	4194	70.12	28.987499999999997
2017-06-23	144.81	83.83500000000001	7960.5	4235	70.39	28.8275
2017-06-26	145.15	84.96000000000001	8057	4203	70.25999999999999	28.905
2017-06-27	145.3	85.035	8056	4194.5	70.83	28.7275
2017-06-28	145.57999999999998	86.42	8160.5	4268.5	71.755	28.6375
2017-06-29	145.015	87.625	8184.5	4126	71.4	28.450000000000003
2017-06-30	144.805	87.05000000000001	8178	4020.01	71.025	28.575000000000003
2017-07-03	147.26	87.74	8168.5	4073.415	71.35	28.58
2017-07-04	148.455	88.795	8203	3921.5	71.75	28.5475
2017-07-05	148.83999999999997	89.72	8231.5	3914.5	71.70500000000001	28.619999999999997
2017-07-06	149.965	90.68	8332.5	3930.09	67.93	28.4925
2017-07-07	150.78	91.965	8322.5	3965.005	67.33500000000001	28.3375
2017-07-10	153.85000000000002	93.305	8448.5	3997.495	66.88	28.4875
2017-07-11	155.975	93.38	8554.5	4034.5	65.96	29.052500000000002
2017-07-12	159.245	94.545	8576	4049.5550000000003	65.96000000000001	29.42
2017-07-13	160.48000000000002	92.25	8520	4049.985	66.37	29.302500000000002
2017-07-14	160.845	95.925	8441	3953.9849999999997	66.28999999999999	29.1725
2017-07-17	161.45999999999998	96.84	8521.5	3942.245	66.77000000000001	28.905
2017-07-18	161.935	96.53999999999999	8573.5	3939.27	66.74	28.685
2017-07-19	162.435	89.13499999999999	8625.5	3934.545	66.61	28.6525
2017-07-20	164.19	88.73	8503	3913.61	67.03	28.604999999999997
2017-07-21	162.85500000000002	86.095	8371	3891.5	66.57499999999999	28.47
2017-07-24	160.465	85.63	8479	3919.435	65.7	28.557499999999997
2017-07-25	161.11	84.91499999999999	8643	3913.365	66.255	28.439999999999998
2017-07-26	161.215	85.15	8668	3907.98	66.25	28.4175
2017-07-27	164.2	85.935	8761	3892.5	66.24000000000001	28.307499999999997
2017-07-28	164.45	84.11	8807	3877.0550000000003	66.11	27.91
2017-07-31	165.615	83.46000000000001	8895.5	3882.5	65.76	28.302500000000002
2017-08-01	166.65	84.735	9000.5	3912.5	65.695	29.175
2017-08-02	168.24	84.75	9100	3943	65.81	29.91
2017-08-03	170.075	84.655	9120.5	3935	66.155	29.792499999999997
2017-08-04	169.3	82.58500000000001	9062.5	3954.5	66.18	29.697499999999998
2017-08-07	171.665	81.965	9184.5	3967	66.16	29.7025
2017-08-08	174.26999999999998	82.28	9205.5	3968	65.58	29.7375
2017-08-09	174	82.765	9252.5	3997.5	65.135	29.6325
2017-08-10	173.08499999999998	82.11500000000001	9210.5	4136	65.36	29.825000000000003
2017-08-11	170.565	80.535	9009.5	4296.5	64.33	29.4175
2017-08-14	172.57	80.34	9049.5	4343.5	64.2	29.372500000000002
2017-08-15	171.59	80.55	8963	4312.5	64.53	29.427500000000002
2017-08-16	174.065	80.055	8755	4300	65.19	29.060000000000002
2017-08-17	173.13	79.97	8773	4338	65.345	28.775
2017-08-18	169.92000000000002	80.035	8810	4344.5	65.745	28.6325
2017-08-21	169.595	78.98	8969	4324	65.84	28.7925
2017-08-22	170.7	77.425	9061.5	4317	65.5	28.8325
2017-08-23	173.14	76.985	9092	4323	65.735	28.6125
2017-08-24	177.62	77.25	9158.5	4336.5	65.66499999999999	28.377499999999998
2017-08-25	180.925	78.2	9066	4318.5	65.85	28.509999999999998
2017-08-28	180.52499999999998	79.93	9197	4314.5	66.505	28.3675
2017-08-29	180.755	81.065	9347	4439.5	66.015	28.295
2017-08-30	182.665	82.50999999999999	9515	4557	66.11	28.5
2017-08-31	184.02	81.655	9643.5	4573	66.505	28.7075
2017-09-01	183.675	79.91499999999999	9813.5	4569.5	66.54	29.225
2017-09-04	183.10000000000002	77.805	9762	4710	66.59	29.2175
2017-09-05	184.46	77.17	9718.5	4687	66.035	29
2017-09-06	182.6	77.945	9770.5	4665	66.20500000000001	29.009999999999998
2017-09-07	184.285	78.765	9764	4658.5	66.50999999999999	29.0175
2017-09-08	185.60000000000002	78.81	9713.5	4721	66.18	28.845
2017-09-11	188.905	79.75	9699.5	4734	66.15	28.9
2017-09-12	190.225	80.195	9755.5	4726.5	66.19	28.9
2017-09-13	189.675	80.78	9762	4695.5	66.88	29.07
2017-09-14	187.695	81.215	9560	4671.5	63.175	29.235
2017-09-15	188.01	80.875	9502.5	4710.5	66.55000000000001	29.61
2017-09-18	188.84	80.875	9613	4645	66.845	29.7425
2017-09-19	186.135	80.85	9577	4648.5	67.985	29.7775
2017-09-20	184.56	79.705	9605.5	4639	69.5	29.63
2017-09-21	186.085	79.85	9651.5	4587.5	68.92	29.759999999999998
2017-09-22	187.77	80.12	9571.5	4454.5	69.225	29.590000000000003
2017-09-25	188.875	81.625	9604.5	4411.5	69.19	29.475
2017-09-26	193.26999999999998	83.21000000000001	9683.5	4413	68.775	29.61
2017-09-27	192.745	83.59	9657.5	4415	68.87	29.6
2017-09-28	192.91500000000002	82.8	9622.5	4451.5	69.28	29.604999999999997
2017-09-29	191.87	81.875	9795	4459	69.155	29.465
2017-10-02	192.6	82.00999999999999	10022	4489.5	69.14	29.47
2017-10-03	193	81.755	10218	4529	68.325	29.3925
2017-10-04	191.905	81.89500000000001	10220.5	4539	67.21000000000001	29.2225
2017-10-05	191.495	80.75	10264.5	4555.5	67.225	29.322499999999998
2017-10-06	195.045	80.59	10343	4551	67.66499999999999	29.4825
2017-10-09	193.74	81.5	10385	4560	67.82499999999999	29.5375
2017-10-10	193.7	81.81	10313.5	4590.5	68.09	29.535
2017-10-11	195.155	81.155	10229	4587.5	67.81	29.56
2017-10-12	195.85	81.19999999999999	10180	4621	68.03	29.682499999999997
2017-10-13	196.245	81.555	10326	4634.5	67.27	29.877499999999998
2017-10-16	197.61	81.185	10662	4628	66.97	29.7725
2017-10-17	197.035	80.23	10712	4652.5	66.42	29.775
2017-10-18	195.95	79.53	10724	4738	66.46000000000001	29.8425
2017-10-19	193.75	78.88499999999999	10673.5	4752	66.37	29.525
2017-10-20	193.185	78.18	10673	4750	66.375	29.215
2017-10-23	192.23	78.615	10675	4745.5	67.14500000000001	28.9425
2017-10-24	191.52499999999998	78.16	10613	4740.5	67.28	28.7925
2017-10-25	193.20499999999998	76.615	10517.5	4685	66.985	28.692500000000003
2017-10-26	192.11	75.12	10427	4622	66.895	28.4125
2017-10-27	194.525	75.175	10470	4675	67.56	28.485
2017-10-30	196.35	74.9	10538	4685.5	67.995	29.13
2017-10-31	195.08	75.325	10690.5	4754	67.97	29.0625
2017-11-01	195.19	76.83	10905	4799	68.005	29.355
2017-11-02	193.75	77.45	11191	4811	68.155	29.5275
2017-11-03	194.475	77.10499999999999	11567	4796	69.71000000000001	29.5625
2017-11-07	201.13	76.285	11628	4858	70.795	30.075000000000003
2017-11-08	207.91500000000002	76.945	11443.5	4848	70.63499999999999	30.965
2017-11-09	215.31	76.15	11373.5	4885.5	72.005	31.3925
2017-11-10	223.005	74.945	11476.5	4917.5	71.41499999999999	31.175
2017-11-13	219.885	74.65	11455	4969	72.03	30.752499999999998
2017-11-14	219.07999999999998	75.4	11291.5	5122.5	69.55	30.7125
2017-11-15	224.64499999999998	74.71000000000001	10976.5	5138.5	68.935	30.73
2017-11-16	223.835	73.695	10995.5	5001	68.225	30.215
2017-11-17	226.05	74.175	10949.5	5046	68.03	29.89
2017-11-20	224.565	75.205	10705	5130.5	68.63499999999999	29.9525
2017-11-21	228.53	77.50999999999999	10456	5092	68.52	30.2725
2017-11-22	231.165	78.50999999999999	10607.5	4963	67.38499999999999	29.990000000000002
2017-11-23	228.025	77.265	10618	5004	66.705	29.942500000000003
2017-11-24	225.075	78.185	10692.5	5006	66.95	30.207500000000003
2017-11-27	227.01999999999998	78.54499999999999	10554.5	5018.5	66.91499999999999	30.0775
2017-11-28	225.5	78.425	10278	5041	65.65	29.6825
2017-11-29	229.1	77.87	10229	5047.5	64.63499999999999	29.375
2017-11-30	225.635	76.935	10011.5	5010.5	63.59	28.7975
2017-12-01	223.26	77.08500000000001	9985	4921.5	64.645	28.6425
2017-12-04	222.775	76.46000000000001	10155	4879	64.71000000000001	28.8975
2017-12-05	223.275	74.63	10029.5	4711	64.27000000000001	28.7
2017-12-06	223.235	75.1	10061.5	4778.5	63.995000000000005	29.07
2017-12-07	222.01	75.24000000000001	10059.5	4770.5	63.61	29.145
2017-12-08	221.305	75.225	10104	4710	63.755	29.064999999999998
2017-12-11	224.39499999999998	75.055	10229	4683.5	64.01	29.5675
2017-12-12	228.305	74.965	10583.5	4639	64.525	29.82
2017-12-13	224.435	74.1	10604	4479.5	64.36	29.552500000000002
2017-12-14	225.5	74.4	10583	4420	64.43	29.225
2017-12-15	227.68	75.2	10590.5	4552	63.94	29.46
2017-12-18	227.3	74.95	10635.5	4645.5	64.16	29.612499999999997
2017-12-19	226	74.535	10614.5	4649.5	63.82	29.2625
2017-12-20	224.69	74.67	10630	4600	63.62	28.814999999999998
2017-12-21	224.87	75.03	10584	4569	64.13	28.5225
2017-12-22	222.88	75.05000000000001	10566	4438.5	64.025	28.299999999999997
2017-12-25	222.775	75	10664	4403.5	64.015	28.3825
2017-12-26	222.49	75.18	10607	4375.5	63.67	28.130000000000003
2017-12-27	225.14999999999998	75.02	10600	4394	63.605000000000004	27.987499999999997
2017-12-28	225.08499999999998	75.1	10652	4402	63.57	28.055
2017-12-29	224.735	75.01	10731.5	4473.5	63.595	28.0475
2018-01-03	229.52499999999998	75.555	11092.5	4529	63.885	28.29
2018-01-04	235.25	76.66	11434.5	4466.5	63.9	28.505
2018-01-05	238.325	76.81	11547.5	4458	63.705	28.490000000000002
2018-01-09	241.385	77.2	11692	4516	64.095	28.625
2018-01-10	239.155	76.935	11589.5	4492.5	64.36	28.4575
2018-01-11	238.04500000000002	76.685	11695	4408.5	64.205	28.697499999999998
2018-01-12	237.525	75.99000000000001	11601.5	4345.5	64.44	28.792499999999997
2018-01-15	239.485	76.8	11665	4245.5	64.53	29.05
2018-01-16	238.005	76.64	11510	4465	65.87	29.175
2018-01-17	238.175	77.775	11316.5	4597	65.725	29.95
2018-01-18	243.345	80.39500000000001	11523	4586	65.55000000000001	30.707500000000003
2018-01-19	243.32999999999998	82.015	11492	4492	65.9	30.85
2018-01-22	243.14999999999998	83.985	11479.5	4455	66.455	30.9625
2018-01-23	243.95999999999998	83.75	11318	4476.5	66.72999999999999	31.225
2018-01-24	244.925	82.41999999999999	11171.5	4566	66.65	31.299999999999997
2018-01-25	249.615	82.25999999999999	11443.5	4569	66.63	31.182499999999997
2018-01-26	248.57999999999998	82.66	11370	4574	65.84	31.6925
2018-01-29	248.39499999999998	81.57499999999999	11565	4535	65.37	31.5775
2018-01-30	253.435	81.435	11442.5	4561.5	65.4	31.185000000000002
2018-01-31	260.245	81.735	11534	4563	66.205	30.1625
2018-02-01	265.45000000000005	82.09	11648.5	4551	66.68	29.875
2018-02-02	260.515	81.795	11547.5	4521	66.28	30.06
2018-02-05	255.445	81.87	11460	4532.5	65.555	30.75
2018-02-06	255.325	81.2	11378	4504.5	64.96	30.567500000000003
2018-02-07	260.315	82.755	11358.5	4450.5	65.155	30.1575
2018-02-08	256.475	85.04	11135	4381	64.955	30.005
2018-02-09	248.51	85.65	11127.5	4370.5	65.265	29.675
2018-02-12	254.015	84.80000000000001	11206.5	4359.5	65.75	29.595
2018-02-13	256.65999999999997	86.375	11311	4368	65.47	29.975
2018-02-14	260.315	85.945	11610.5	4419.5	65.565	30.02
2018-02-15	266.385	85.42	11865	4119	65.65	29.895
2018-02-16	265.54	85.86	11110.5	4518.5	65.52000000000001	29.8375
2018-02-19	267.65	85.995	10895.5	4454.5	65.81	29.595
2018-02-20	266.26	85.71000000000001	11097	4482	65.91	29.322499999999998
2018-02-21	272.625	86.26	11319.5	4510	65.93	29.572499999999998
2018-02-22	277.51	87.43	11253.5	4516.5	66.225	30.145
2018-02-26	281.79499999999996	88.02000000000001	11681.5	4536	67.105	30.564999999999998
2018-02-27	278.8	88.515	11701.5	4509.5	67.63499999999999	30.637500000000003
2018-02-28	274.70500000000004	87.545	11317.5	4568.5	67.725	29.8625
2018-03-01	273.95	86.33	11149.5	4633	67.85	29.655
2018-03-02	272.03	86.235	11143	4746	67.52000000000001	29.7975
2018-03-05	276.16999999999996	87.36500000000001	11262.5	4741	67.935	30.05
2018-03-06	277.765	88.655	11078	4687	68.6	29.875
2018-03-07	273.435	88.16	11093.5	4644.5	67.945	29.575
2018-03-09	273.045	89.61	11100	4700.5	68.055	29.925
2018-03-12	275.425	90.815	11117	4779	68.405	30.07
2018-03-13	274.295	90.835	11091	4855.5	68.83	30.205
2018-03-14	267.755	90.13499999999999	10939.5	4892.5	68.61	30.0625
2018-03-15	258.95	90.45	10829	4836	69.035	29.9775
2018-03-16	253.87	91.77	10877.5	4808.5	68.69	30.4025
2018-03-19	254.91	93.315	10957	4748	68.39	30.485
2018-03-20	253.87	93.1	10863	4683.5	68.185	30.4875
2018-03-21	263.615	93.765	10952	4622.5	68.41	30.2625
2018-03-22	267.95000000000005	93.8	10971	4527	68.02000000000001	29.939999999999998
2018-03-23	261.64	92.875	10879	4443.5	67.19	29.765
2018-03-26	259.935	92.91999999999999	10851.5	4419	66.765	29.53
2018-03-27	255.35000000000002	92.375	10757	4397	66.405	29.2975
2018-03-28	253.435	90.52	10705	4436.5	66.405	29.134999999999998
2018-03-29	253.87	90.21	10727.5	4500	66.985	29.4225
2018-03-30	253.645	91.6	10770	4496	67.6	29.5325
2018-04-02	254.165	91.085	10886	4466	67.59	29.4375
2018-04-03	248.655	89.675	10796	4459	67.515	29.2375
2018-04-04	252.43	89.47	10783.5	4498.5	67.565	29.17
2018-04-05	259.405	90.3	10740.5	4520	67.68	29.44
2018-04-06	259.16499999999996	90.095	10686.5	4425	67.445	29.585
2018-04-09	230.15	85.295	9724.5	3801	64.6	28.487499999999997
2018-04-10	210.735	82.95500000000001	9549	3525	64.81	29.354999999999997
2018-04-11	213.92000000000002	83.41	10002	3729	64.555	30.439999999999998
2018-04-12	213.445	84.95500000000001	10017.5	3627	64.67	30.057499999999997
2018-04-13	209.92	86.345	10410	3579.5	64.31	30.127499999999998
2018-04-16	199.75	85.53999999999999	10228	3545.5	63.6	29.63
2018-04-17	203.935	87.275	10215.5	3619	64.135	29.7425
2018-04-18	214.09	89.155	10441	3771	64.94999999999999	30.067500000000003
2018-04-19	217.11	89.05	10797.5	3769.5	65.28999999999999	30.2
2018-04-20	214.2	87.855	10627.5	3775	64.935	30.314999999999998
2018-04-23	218.36	87.63499999999999	10647.5	3804.5	65	30.395000000000003
2018-04-24	224.865	88.19	10829.5	3930	65	30.3575
2018-04-25	220.99	87.75	10804	3877.5	64.86	30.3125
2018-04-26	219.29500000000002	88.155	10872.5	3952	64.89500000000001	30.9725
2018-04-27	221.025	88.855	10888.5	3964	64.81	31.2175
2018-04-28	223.695	89.005	10915.5	3936	64.97	30.832500000000003
2018-04-30	224.89	92.67500000000001	10895.5	3974.5	65.215	30.979999999999997
2018-05-02	227.01	88.745	10958	3919.5	65.17	31.130000000000003
2018-05-03	230.12	88.025	10977	3896	65.25	31.12
2018-05-04	228.32	88.575	10952.5	3922	65.62	31.244999999999997
2018-05-07	230.62	89.28	11122.5	4003.5	65.905	31.4375
2018-05-08	226.49	89.08000000000001	11013.5	3925	65.425	31.3325
2018-05-10	231.255	88.75	10865	3920.5	65.05	31.42
2018-05-11	235.845	87.945	10746	3898	65.195	31.387500000000003
2018-05-14	235.91500000000002	87.465	10708.5	3847.5	64.93	31.509999999999998
2018-05-15	233.95	87.78	10800	3802.5	65.565	32.03
2018-05-16	229.35	89.93	10895	3758	65.595	32.455
2018-05-17	228.65	92.13499999999999	10785.5	3722.5	65.545	32.955
2018-05-18	225.18	93.19	10776	3728	65.28	32.68
2018-05-21	225.175	92.55	10901	3755	65.325	32.7775
2018-05-22	225.11	91.305	10953.5	3739	65.135	32.629999999999995
2018-05-23	222.535	91.34	10934.5	3748.5	65.035	32.4125
2018-05-24	222.41	91.56	10899	3736	65.045	31.9175
2018-05-25	221.24	93.25999999999999	11025	3747	65.83000000000001	31.7725
2018-05-28	220.35	93.15	11113	3765	65.875	31.695
2018-05-29	219.615	91.78	11120	3775.5	65.44999999999999	31.520000000000003
2018-05-30	219.715	89.88	11135.5	3762	65.21000000000001	31.255000000000003
2018-05-31	222.175	89.38	11102.5	3771.5	65.66	30.8825
2018-06-01	221.385	89.275	11219	3812	65.95	31.0075
2018-06-04	220.62	90.405	11335.5	3878.5	67.495	31.29
2018-06-05	217.64999999999998	90.1	11504	3937	69.36500000000001	31.41
2018-06-06	216.42000000000002	90.50999999999999	11530.5	3928.5	69.305	31.427500000000002
2018-06-07	217.93	90.53	11629.5	3951	69.66499999999999	31.82
2018-06-08	213.625	91.74000000000001	11545	3848.5	68.66	31.6875
2018-06-09	212.385	91.18	11440.5	3817	69.84	31.34
2018-06-11	210.97000000000003	91.13499999999999	11485	3839	70.505	31.244999999999997
2018-06-13	212.88	90.855	11419	3856.5	70.755	31.417499999999997
2018-06-14	215.54500000000002	89.795	11190	3874	70.965	31.61
2018-06-15	211.45	89.61500000000001	11155	3924.5	70	31.5425
2018-06-18	208.105	89.095	11088	3924	69.69	31.36
2018-06-19	204.44	89.995	11030.5	3875.5	69.48	31.375
2018-06-20	209.695	92.725	11253	3918	70.285	31.685000000000002
2018-06-21	211.39	95.85499999999999	11276	3882	70.375	31.495
2018-06-22	212.31	98.425	11291.5	3873	70.325	31.265
2018-06-25	204.725	99.285	11344	3885.5	72.275	31.145
2018-06-26	202.3	98.86500000000001	11303.5	3904.5	73.71000000000001	31.1375
2018-06-27	203.94	98.87	11161.5	3905	73.14	31.445
2018-06-28	208.82	98.695	11190	4023	72.795	31.2725
2018-06-29	214.195	99.66	11275	4109	73.185	31.47
2018-07-02	219.41500000000002	101.855	11464	4164.5	73.75	31.6325
2018-07-03	219.77499999999998	102.245	11554.5	4130.5	74.08500000000001	31.6125
2018-07-04	218.085	103.935	11520	4130	74.30000000000001	31.7
2018-07-05	220.695	106.21000000000001	11490.5	4149	71.36500000000001	32.379999999999995
2018-07-06	224.60000000000002	106.375	11639	4176	72.34	33
2018-07-09	229.72	105.845	11767	4235	72.56	33.585
2018-07-10	230.125	105.88499999999999	11759	4267	72.60499999999999	33.682500000000005
2018-07-11	227	105.7	11453	4230.5	71.95500000000001	33.442499999999995
2018-07-12	226.77499999999998	100.355	11295	4164.5	71.555	33.0525
2018-07-13	229.04000000000002	100.99	11390.5	4209	71.905	33.0725
2018-07-16	228.70999999999998	100.665	10800	4219.5	71.765	33.417500000000004
2018-07-17	223.76	100.32	10570.5	4103.5	71.16	33.2
2018-07-18	219.82	100.4	10571	4185	70.545	32.6075
2018-07-19	211.835	98.175	10435	4170	68.995	32.915
2018-07-20	206.02499999999998	96.155	10310.5	4129	68.05000000000001	32.795
2018-07-23	207.825	96.36	10327	4127.5	67.87	32.9675
2018-07-24	212.185	95.41	10564.5	4220.5	68.015	32.725
2018-07-25	211.89499999999998	95.34	10725.5	4286.5	67.955	32.8125
2018-07-26	212.81	96.1	10838	4391	68.495	33.175
2018-07-27	208.4	96.57499999999999	10770	4443	68.91	33.2625
2018-07-30	209.525	96.86	10837.5	4393.5	69.035	34.0975
2018-07-31	212.59	96.695	10832	4378.5	69.75	34.2875
2018-08-01	212.885	96.735	10831.5	4398	71.23	34.8575
2018-08-02	208.425	95.805	10686.5	4412	72	34.66
2018-08-03	204.275	94.845	10665.5	4344.5	72.1	34.292500000000004
2018-08-06	202.385	95.61	10746	4365	71.75	34.215
2018-08-07	204.75	98.82	10781	4441.5	71.815	34.2475
2018-08-08	196.98	98.36	10750	4420	71.58	34.6275
2018-08-09	188.98000000000002	97.28999999999999	10867	4403.5	69.97	35.165
2018-08-10	189.93	92.905	10643	4172	70.97	35.5475
2018-08-13	186.76999999999998	94.25999999999999	10918.5	4175	70.005	36.025
2018-08-14	192.08999999999997	96.58000000000001	11058.5	4180	69.79	36.455
2018-08-15	190.265	96.09	10930.5	4136.5	69.64	36.6425
2018-08-16	190.25	94.56	10955.5	4145	69.735	36.375
2018-08-17	190.51	94.06	10879	4069	69.57499999999999	35.91
2018-08-20	192.315	95.445	10919.5	4169	69.85	35.985
2018-08-21	190.945	95.465	10953	4198	69.275	35.582499999999996
2018-08-22	190.625	94.24000000000001	10985	4218	69.435	35.745000000000005
2018-08-23	183.805	93.93	11029	4267.5	69.18	36.09
2018-08-24	176.595	95.155	10972.5	4288.5	68.96000000000001	35.715
2018-08-27	182.175	97.565	11029	4372	67.475	35.81
2018-08-28	182.93	98.265	11198.5	4360	68.69999999999999	35.96
2018-08-29	182.57999999999998	99.57	11306	4279.5	68.55	36.504999999999995
2018-08-30	181.41	100.975	11299.5	4189.5	68.265	37.425
2018-08-31	178.805	100.275	11245.5	4243	67.795	37.192499999999995
2018-09-03	181.51	100.78999999999999	11261.5	4374	67.655	37.83
2018-09-04	180.10000000000002	100.075	11240.5	4333	67.525	37.995000000000005
2018-09-05	179.765	99.825	11187.5	4313.5	67.35	37.905
2018-09-06	177.59	101.38	11215	4347.5	67.10499999999999	37.7275
2018-09-07	175.64999999999998	102.25	11208	4319.5	66.58500000000001	37.69
2018-09-10	172.91	103.505	11289.5	4335.5	62.870000000000005	37.955
2018-09-11	169.285	103.725	11385	4333	66.21000000000001	38.307500000000005
2018-09-12	172.29500000000002	103.07	11494.5	4263	67.1	37.8875
2018-09-13	181.76999999999998	103.66	11598	4264	67.625	37.1775
2018-09-14	185.765	104.765	11571	4170	68.29499999999999	37.2275
2018-09-17	189.33499999999998	105.145	11446.5	4110	68.72	37.3575
2018-09-18	189.6	106.235	11570	4131	69.13	37.26
2018-09-19	192.72	104.695	11665	4104.5	69.16	37.075
2018-09-20	194.445	105.27000000000001	11716	4113.5	70.775	37.230000000000004
2018-09-21	191.755	105.61	11901.5	4099.5	70.86	37.7875
2018-09-24	196.675	106.60499999999999	11950.5	4110	71.055	37.5775
2018-09-25	198.03	106.195	11890	4069	70.38	37.207499999999996
2018-09-26	195.495	105.62	11938.5	4010	70.55000000000001	37.485
2018-09-27	199.32999999999998	105.91999999999999	11843.5	4054	70.30000000000001	38.055
2018-09-28	202.885	106.225	11280	4080.5	69.66	38.322500000000005
2018-10-01	203.48000000000002	106.86	11390	4100.5	68.85	38.3025
2018-10-02	202.3	106.11500000000001	11274.5	4114	69.37	38.195
2018-10-03	199.66	106.46	11366.5	4192.5	70.025	38.1375
2018-10-04	193.72	105.37	11375.5	4166.5	69.745	37.7625
2018-10-05	188.32	103.85	11328.5	4152.5	69.95500000000001	37.435
2018-10-08	188.055	103.685	11344.5	4178.5	69.99000000000001	37.575
2018-10-09	192.37	104.775	11417.5	4155.5	70.195	37.8275
2018-10-10	191.965	104.65	11500.5	4135	70.08	37.715
2018-10-11	185.065	102.025	11199.5	4154.5	69.875	37.4025
2018-10-12	189.885	97.47	11234.5	4220.5	70.295	37.245000000000005
2018-10-15	191.67	97.495	11093.5	4227	70.03999999999999	37.36
2018-10-16	192.6	98.55	11159.5	4292	70.725	37.269999999999996
2018-10-17	195.86	100.56	11362	4284	70.725	37.345
2018-10-18	192.5	100.08000000000001	11339.5	4309	71.08500000000001	37.475
2018-10-19	187.75	99.12	11385.5	4315.5	71.19	37.375
2018-10-22	183.875	98.495	11430	4260	70.45	36.66
2018-10-23	179.76	96.415	11175	4227	69.495	36.040000000000006
2018-10-24	184.875	96.00999999999999	11127.5	4220.5	69.975	36.3375
2018-10-25	186.39	96.69	10972.5	4198	69.925	36.1725
2018-10-26	182.06	96.04	10742	4137	69.91	36.125
2018-10-29	182.47	95.525	10662.5	4166	69.47	36.4825
2018-10-30	184.28	96.285	10689	4146.5	69.2	36.7375
2018-10-31	187.315	98.52000000000001	10870	4114	69.88	37.44
2018-11-01	189.03	99.66	11080	4133	70.6	38.35
2018-11-02	190.77499999999998	100.96	11352.5	4175.25	70.55000000000001	38.385
2018-11-06	195.79	101.89500000000001	11455	4204.25	70.95	38.67
2018-11-07	199.2	102.78	11578	4205.25	70.41	38.1275
2018-11-08	202.39999999999998	103.37	11660.5	4227.75	70.295	37.760000000000005
2018-11-09	198.145	102.84	11611.5	4287.5	70.245	37.9675
2018-11-12	199.125	103.51	11650	4342	70.47999999999999	38.025
2018-11-13	196.69	102.435	11638.5	4326.5	70.60499999999999	37.9875
2018-11-14	196.37	102.775	11603	4357	70.85	37.9975
2018-11-15	201	102.19	11751	4379.75	71.38	38.0575
2018-11-16	201.10500000000002	100.93	11695	4336.25	71.175	38.015
2018-11-19	199.1	100.44	11770	4396	71.26	37.5225
2018-11-20	194.805	100.61500000000001	11677.5	4427.75	70.955	36.995000000000005
2018-11-21	195.89	100.075	11750.5	4487.5	71.155	36.8975
2018-11-22	197.96499999999997	100.43	11825	4648	71.375	37.14
2018-11-23	196.815	101.22	11886	4652	71.26	37.59
2018-11-26	191.66	100.595	11821.5	4614.25	71.21000000000001	37.61
2018-11-27	190.28	100.16499999999999	12163	4723.25	71.265	37.5725
2018-11-28	191.36	100.5	12558	4687	71.795	37.375
2018-11-29	193.735	102.035	12810.5	4702	71.35	37.355000000000004
2018-11-30	192.735	100.775	12671	4759.5	71.455	37.4125
2018-12-03	199.74	100.405	12847	4767.5	71.655	37.6475
2018-12-04	198.815	99.205	12679.5	4715.25	71.125	37.7825
2018-12-05	195.425	98.28999999999999	12649.5	4739.25	70.89	38.1
2018-12-06	192.17000000000002	99.11	12673	4762.5	70.97	38.635
2018-12-07	194.27499999999998	98.88499999999999	12702	4810.75	71.28	38.650000000000006
2018-12-10	192.15499999999997	97.55	12716.5	4929.75	71.06	38.3775
2018-12-11	192	95.69999999999999	12657	4936.5	71.09	38.207499999999996
2018-12-12	192.175	95.9	12818.5	4852.25	70.965	38.2725
2018-12-13	190.055	96.375	13053.5	4959.75	71.255	37.91
2018-12-14	186.415	98.22999999999999	13137	4996.25	71.285	37.835
2018-12-17	184.53500000000003	97.905	13300.5	4995.25	71.41	38.120000000000005
2018-12-18	183.485	97	13228.5	4981.5	71.19999999999999	38.519999999999996
2018-12-19	186.6	97.63499999999999	13080	5131	71.24000000000001	39.0725
2018-12-20	188.565	97.885	13061	5127.75	70.475	39.05
2018-12-21	187.875	98.91499999999999	13045	5221	71.23500000000001	39.185
2018-12-24	185.385	97.85	12865.5	5327.5	71.31	38.785
2018-12-25	181.255	96.42	12581.5	5291.75	70.975	38.645
2018-12-26	183.925	96.57	12727.5	5199.25	71.25999999999999	38.9525
2018-12-27	185.79000000000002	97.21000000000001	12906	5262	71.85499999999999	38.8825
2018-12-28	186.1	98.38	13024.5	5360.5	72.15	39.05
2018-12-29	186.155	98.11500000000001	13041	5375.25	72.89	39.192499999999995
2019-01-03	188.75	98.47999999999999	12947	5374.5	72.81	39.2675
2019-01-04	189.38	101	13004.5	5299.5	73.065	38.845
2019-01-08	191.775	99.99000000000001	13079	5160	73.225	38.665000000000006
2019-01-09	194.55	99.96000000000001	13240	5198.25	73.475	38.4925
2019-01-10	196.33499999999998	101.71000000000001	13240	5328.75	71.485	38.6
2019-01-11	197.28500000000003	103.035	13426.5	5370.5	72.145	39.1575
2019-01-14	195.72	103.305	13356	5376.25	71.855	39.3875
2019-01-15	197.375	103.925	13342	5387	71.975	40.21
2019-01-16	199.66000000000003	104.27000000000001	13262	5342.75	72.1	40.457499999999996
2019-01-17	202.3	103.19	13189	5378.25	72.67	40.495000000000005
2019-01-18	206.135	102.94	13295	5373.5	72.91	40.9525
2019-01-21	208.685	102.92500000000001	13342	5357.5	73.245	41.144999999999996
2019-01-22	207.255	101.145	13285.5	5357.5	72.74000000000001	41.102500000000006
2019-01-23	209.76	100.705	13329	5401.25	72.53999999999999	41.205
2019-01-24	210.99	100.86500000000001	13364.5	5369.5	73.595	40.9975
2019-01-25	212.575	100.80000000000001	13372	5362.5	73.775	40.5125
2019-01-28	210.465	99.88499999999999	13198.5	5365	73.84	40.42
2019-01-29	210.7	98.11	13130.5	5474	72.89	40.46
2019-01-30	213.95999999999998	97.535	13415.5	5517.5	72.96000000000001	40.870000000000005
2019-01-31	216.385	97.91499999999999	13748	5580	72.62	40.7425
2019-02-01	216.855	99.025	13629	5497.5	72.535	40.815
2019-02-04	216.1	98.74000000000001	13553	5501	72.535	40.692499999999995
2019-02-05	216.58	98.315	13597	5501.75	72.455	40.769999999999996
2019-02-06	216.78	99.075	13687	5511.75	72.475	40.775
2019-02-07	213.625	99.83	13640	5496	72.255	40.76
2019-02-08	210.315	99.52	13661	5451.5	72.32	40.6075
2019-02-11	212.76	99.705	13736	5382.75	72.805	40.5375
2019-02-12	217.02499999999998	99.16	13755	5324.25	72.96000000000001	40.455
2019-02-13	216.89999999999998	97.785	13667	5269.25	72.92	40.28
2019-02-14	205.77499999999998	96.905	13613	5253.5	72.025	40.34
2019-02-15	207.26	96.99000000000001	13782	5365.5	72.49000000000001	40.455
2019-02-18	206.46499999999997	97.34	13652	5374.75	72.455	40.207499999999996
2019-02-19	203.35	96.315	13692	5444	72.47999999999999	40.155
2019-02-20	205.06	95.89	14031	5441.75	72.55	40.2025
2019-02-21	205.085	95.945	14112	5393.25	72.505	40.1375
2019-02-22	204.565	95.42500000000001	14089	5347.75	72.685	40.245000000000005
2019-02-25	206.39999999999998	95.74000000000001	14373	5347.75	73.015	40.317499999999995
2019-02-26	204.35000000000002	96.57499999999999	14514	5411.5	72.85	40.480000000000004
2019-02-27	205.4	96.765	14356	5452.25	73.00999999999999	40.63
2019-02-28	206.52499999999998	95.775	14206	5406	72.63	40.375
2019-03-01	207.55	95.205	14153	5405	72.59	40.302499999999995
2019-03-04	206.375	94.625	13952	5232	72.83	40.2625
2019-03-05	203.575	92.86500000000001	13718	5102	72.67	40.2
2019-03-06	204.14999999999998	92.8	14181	5218	72.66499999999999	40.269999999999996
2019-03-07	205.08499999999998	92.875	14473	5192	72.69	40.205
2019-03-11	204.07999999999998	93.465	14240	5229.5	72.67	40.1075
2019-03-12	205.64499999999998	94.215	14322	5272.75	72.43	39.9075
2019-03-13	204.9	94.9	13879	5368.5	72.215	39.6125
2019-03-14	204.94	95.875	13925	5451	72.685	39.8475
2019-03-15	204.25	95.79499999999999	14109	5416.75	72.85	39.75
2019-03-18	205.125	96.475	14202	5489.5	73.15	39.7775
2019-03-19	207.12	96.77000000000001	14335	5464.5	73.91	39.957499999999996
2019-03-20	208.12	96.38	14330	5405	73.13499999999999	40.177499999999995
2019-03-21	211.03	95.83	14253	5422.5	73.36500000000001	40.325
2019-03-22	208.995	95.33	14252	5396	72.92	40.192499999999995
2019-03-25	209.875	95.55	14221	5326.75	72.655	40.004999999999995
2019-03-26	215.79500000000002	95.185	14320	5341.75	72.72999999999999	40.0725
2019-03-27	216.675	94.22	13965	5406.5	72.83	40.1175
2019-03-28	214.83499999999998	93.41499999999999	13650	5407.25	72.74000000000001	40.255
2019-03-29	216.29500000000002	93.025	13575	5398.25	72.805	40.7675
2019-04-01	216.56	93.005	13888	5430	72.53999999999999	41.375
2019-04-02	218.06	93.27000000000001	14092	5445	72.70500000000001	41.3475
2019-04-03	221.51999999999998	93.5	14180	5337.75	72.62	40.97
2019-04-04	219.93	93.355	14206	5169.25	72.7	40.85
2019-04-05	224.865	94.125	14333	5123.5	73.11	40.74
2019-04-08	230.10000000000002	94.53999999999999	14339	5132.25	73.53999999999999	40.45
2019-04-09	235.64499999999998	94.025	14337	5118.5	73.84	40.644999999999996
2019-04-10	241.595	94.39500000000001	14430	5031.5	74.01	40.6725
2019-04-11	243.04500000000002	94.27000000000001	14300	4958	74.065	40.572500000000005
2019-04-12	240.075	94.36500000000001	14315	4950.5	73.785	40.515
2019-04-15	239.68	94.15	14382	4891.25	73.47999999999999	40.2675
2019-04-16	235.91	94.915	14477	4897.5	73.465	39.9825
2019-04-17	233.875	95.955	14553	4954.5	73.655	39.775
2019-04-18	232.47500000000002	95.785	14490	4956.25	73.6	39.72
2019-04-19	232.7	95.955	14511	4993.25	73.815	39.8425
2019-04-22	234.57	95.83	14556	5018.75	73.9	40.0325
2019-04-23	235.86	96.095	14439	4980.75	72.785	39.709999999999994
2019-04-24	235.20499999999998	95.52000000000001	14321	4935	73.825	39.245000000000005
2019-04-25	231.9	95.045	14331	4961.5	73.715	39.552499999999995
2019-04-26	224.775	94.76	14554	5009	73.945	39.79
2019-04-29	226.07	94.005	14623	5057.75	74.47	39.5625
2019-04-30	226.41500000000002	94.80000000000001	14371	5065.75	74.1	39.295
2019-05-02	227.845	94.735	14260	5022.25	74.11500000000001	39.275000000000006
2019-05-03	230.775	95.775	14290	5049.25	76.14500000000001	39.4675
2019-05-06	229.9	95.1	14240	5050.75	75.555	39.462500000000006
2019-05-07	232.3	95.44	14295	5053.25	76.6	39.31
2019-05-08	231	95.945	14145	5043.75	75.83500000000001	39.33
2019-05-10	227.8	96.05	14001	5019.25	75.405	39.2475
2019-05-13	226.41	95.325	13980	5025.5	74.19	39.2425
2019-05-14	227.575	93.93	14047	5024	75.925	39.0575
2019-05-15	227.695	93.105	13907	4940.5	78.185	38.805
2019-05-16	229.51999999999998	92.69	13729	4950.25	79.435	38.6325
2019-05-17	227.12	92.89500000000001	13674	4892	80.055	39.08
2019-05-20	227.14	91.53999999999999	13493	4817	81.705	40.28
2019-05-21	229.375	90.32499999999999	13502	4828	81.065	40.3875
2019-05-22	234.10000000000002	89.09	13704	4869.5	80.13499999999999	40.375
2019-05-23	231.97	89.235	13609	4931.5	79.625	40.394999999999996
2019-05-24	233.825	90.26	13647	4972.25	79.25	40.4925
2019-05-27	235.41500000000002	90.11500000000001	13684	4968.25	80.565	40.6025
2019-05-28	234.035	89.935	13742	4983	79.715	40.67
2019-05-29	232.275	88.53	13708	5008.25	77.355	40.692499999999995
2019-05-30	233.56	88	13699	5059.75	77.66499999999999	40.802499999999995
2019-05-31	231.655	88.325	13664	5115.5	76.87	40.535
2019-06-03	235.925	88.30000000000001	13742	5212.25	76.765	40.75
2019-06-04	237.525	89.19	13759	5242.75	76.97	40.849999999999994
2019-06-05	237.705	89.37	13756	5294	77.045	40.705
2019-06-06	242.435	89.00999999999999	13789	5312.75	77.57	40.692499999999995
2019-06-07	247.53	88.78999999999999	13855	5382.5	77.86500000000001	40.68
2019-06-10	247.925	89.025	13684	5411	78.08500000000001	40.692499999999995
2019-06-11	237.055	89.125	14100	5520.25	78.47	41.155
2019-06-13	236.81	87.10499999999999	14509	5594.75	78.00999999999999	41.167500000000004
2019-06-14	240.45	85.58	14650	5662.5	78.13	41.18
2019-06-17	239.185	85.435	14579	5695.5	78.42500000000001	41.292500000000004
2019-06-18	239.175	87.5	14627	5669.75	79.8	41.395
2019-06-19	240.825	89.345	14761	5606.5	80.9	41.355000000000004
2019-06-20	243.195	89.57	14211	5651	81.875	41.2125
2019-06-21	240.73000000000002	90.03999999999999	14303	5710.5	81.095	41.1125
2019-06-24	239.58499999999998	89.68	14256	5860.5	80.45500000000001	41.175
2019-06-25	236.7	88.86500000000001	14063	5937.25	80.11	41.34
2019-06-26	238.59	88.975	14111	5895	80.43	41.5075
2019-06-27	240.37	88.28	14103	5862.75	80.845	41.9775
2019-06-28	239.55	86.86	14244	5817	80.69999999999999	42.66
2019-07-01	242.055	85.93	14330	5729.75	80.82	43.17
2019-07-02	241.22	85.395	14280	5761.5	79.96000000000001	43.6075
2019-07-03	241.935	84.705	14424	5955.75	78.99	43.2475
2019-07-04	241.905	85.52000000000001	14359	6036.25	79.05	43.66
2019-07-05	242.555	86.755	14345	6174	79.695	43.495000000000005
2019-07-08	241.99	86.89	14371	6229	79.4	43.5775
2019-07-09	242.785	86.59	14327	6216.75	79.685	43.457499999999996
2019-07-10	243.755	85.33500000000001	14260	6254	79.425	43.285
2019-07-11	242.57	83.825	14202	6263.25	79.72	42.46
2019-07-12	238.935	79.28999999999999	14114	6266.25	79.79499999999999	42.21
2019-07-15	236.41	80.11	14209	6300.5	80.07	42.2575
2019-07-16	233.775	79.645	14318	6342.25	80.38	41.932500000000005
2019-07-17	235.76999999999998	79.63499999999999	14521	6353	80.52	34.8575
2019-07-18	234.95	79.795	14601	6381.75	81.625	34.209999999999994
2019-07-19	235.125	79.25	14980	6456.25	83.55	33.17
2019-07-22	231.27499999999998	78.22999999999999	14808	6500.25	83.35	32.0375
2019-07-23	230.675	79.05000000000001	14686	6326.25	82.31	31.3825
2019-07-24	231.95	80.06	14636	6371.25	82.955	31.3575
2019-07-25	231.835	80.905	14575	6426.25	82.905	31.197499999999998
2019-07-26	232.12	81.54	14465	6418.25	82.41	31.04
2019-07-29	231.96	81.55	14462	6432.5	82.785	31.3325
2019-07-30	233.565	81.43	14418	6476.25	83.1	31.715
2019-07-31	235.33	81.46000000000001	14560	6480	82.595	31.322499999999998
2019-08-01	230.48000000000002	80.975	14505	6420	82.1	31.4375
2019-08-02	223.59	79.53999999999999	14397	6509.25	82.275	31.875
2019-08-05	221.725	78.535	14219	6718.75	81.565	31.8
2019-08-06	224.59	78.03999999999999	14363	6884.25	82.00999999999999	31.605
2019-08-07	224.75	77.22999999999999	14621	6903.5	82.05	31.677500000000002
2019-08-08	224.54000000000002	76.53	14989	6923.75	82.215	31.8025
2019-08-09	222.515	74.98	14985	6973.5	81.655	31.785
2019-08-12	221.365	75.41	14899	7044	81.565	31.91
2019-08-13	222.91	73.96000000000001	14995	7042.75	81.615	32.03
2019-08-14	220.425	71.64500000000001	14858	7100.25	81.59	31.875
2019-08-15	215.91	71.03	14854	7230.5	81.46000000000001	32.0625
2019-08-16	215.32999999999998	71.85	14833	7179.25	81.22	32.185
2019-08-19	216.13	72.625	14794	7159	78.495	32.1475
2019-08-20	217.38	71.1	14985	7284	81.41	31.97
2019-08-21	217.65	71.08	15120	7264.5	81.505	31.65
2019-08-22	218.875	71.345	15278	7185	81.11	31.365000000000002
2019-08-23	220.48000000000002	71.30000000000001	15470	7244.75	81.07	31.369999999999997
2019-08-26	218.08499999999998	71.225	15349	7402.25	80.875	31.3625
2019-08-27	217.33	71.63499999999999	15356	7537.75	80.975	31.615000000000002
2019-08-28	218.13	72.77000000000001	15409	7510.75	81.015	31.814999999999998
2019-08-29	219.775	73.64	15510	7554.25	80.92	31.96
2019-08-30	223.20499999999998	73.575	15886	7564.75	80.91	32.027499999999996
2019-09-02	225.625	74.46000000000001	16420	7611.25	80.69999999999999	33.0325
2019-09-03	224.15	74.72	16424	7599	80.64500000000001	36.66
2019-09-04	226.095	74.925	16472	7572.5	81.13499999999999	37.66
2019-09-05	229.645	75.565	16381	7476.25	76.825	36.845
2019-09-06	229.78	75.67	16257	7026	80.33500000000001	35.4
2019-09-09	229.24	75.46000000000001	16082	7379.75	80.41	35.33
2019-09-10	231.165	74.99000000000001	15903	7314	79.505	34.75
2019-09-11	234.26	75.095	15954	7332.25	79.185	35.85
2019-09-12	234.115	75.655	15932	7443.75	78.05000000000001	36.8
2019-09-13	233.45499999999998	76.025	15807	7511	78.765	37.567499999999995
2019-09-16	234.365	76.86500000000001	15682	7621.75	79.64500000000001	37.7025
2019-09-17	235.595	77.35	15837	7666	79.305	38.33
2019-09-18	235.45	77.31	15944	7760.25	79.125	38.1075
2019-09-19	234.305	76.765	16028	7735.5	78.975	37.925
2019-09-20	233.11	75.215	16018	7730	78.795	37.3525
2019-09-23	230.61	73.765	16222	7691.75	79.15	37.665
2019-09-24	229.55	73.195	16202	7692.25	79.13499999999999	37.5375
2019-09-25	226.8	72.425	16147	7775.5	78.59	36.89
2019-09-26	229.305	73.11	16336	7737	78.905	36.957499999999996
2019-09-27	229.005	73.065	16455	7646.25	78.78	36.83
2019-09-30	227.525	73.805	16576	7534.75	78.67	36.94
2019-10-01	228.025	74.43	16621	7496.75	79	37.705
2019-10-02	224.82999999999998	74.63	16646	7522.5	78.60499999999999	37.167500000000004
2019-10-03	224.125	75.68	16609	7479.75	78.87	36.6825
2019-10-04	223.965	74.765	15862	7516.25	78.91499999999999	36.68
2019-10-07	225.10500000000002	73.25	15998	7518.5	78.85	36.695
2019-10-08	226.66500000000002	71.83500000000001	15982	7611.25	78.64	36.925
2019-10-09	227.26	71.97	16135	7585.5	79.09	37.3125
2019-10-10	227.28	72.58	16095	7533.75	79.3	37.5225
2019-10-11	230.08499999999998	70.58	16094	7367.5	79.005	37.795
2019-10-14	229.245	69.82	15994	7216.75	79.015	37.7025
2019-10-15	228.44	68.8	15934	7163	78.65	37.47
2019-10-16	230.14999999999998	71.35499999999999	16108	7214.25	78.95	37.957499999999996
2019-10-17	232.01	73.21000000000001	16121	7222.25	79.75	37.805
2019-10-18	234.41500000000002	73.91499999999999	16182	7285.5	79.47	37.9075
2019-10-21	235.45999999999998	73.19	16248	7282.5	79.17	38.004999999999995
2019-10-22	237.385	72.57499999999999	16306	7187.5	79.535	38.165000000000006
2019-10-23	238.97	71.63	16458	7171	79.25	39.667500000000004
2019-10-24	240.92000000000002	71.235	16810	7209	79.03999999999999	39.5525
2019-10-25	240.31	70.58	17121	7234.25	78.69	39.9975
2019-10-28	238.79000000000002	70.455	17800	7354	79.065	38.8725
2019-10-29	238.1	71.255	17727	7322.5	79.075	38.645
2019-10-30	240.02499999999998	73.175	18011	7262	78.88499999999999	38.057500000000005
2019-10-31	238.005	74.49000000000001	18058	7494	78.62	37.7075
2019-11-01	234.77	74.785	17970	7510.5	78.58500000000001	37.8225
2019-11-05	238.83999999999997	74.895	18112	7446.5	79.275	38.1575
2019-11-06	237.77	74.745	18154	7489.5	79.305	38.042500000000004
2019-11-07	240.32999999999998	75.85499999999999	18520	7509.25	79.41	38.4075
2019-11-08	240.19	76.09	18600	7278.75	79.1	38.4975
2019-11-11	240.35500000000002	75.445	18316	7238.5	79.11	38.8125
2019-11-12	241.62	76.4	17809	7106.75	81.825	38.87
2019-11-13	237.69	77.01	17488	7114.75	84.31	38.295
2019-11-14	237.975	77.28999999999999	17500	7105	80.845	37.9475
2019-11-15	238.315	77.16499999999999	17588	7052.5	80.775	37.932500000000005
2019-11-18	238.79500000000002	76.57	17578	7004.25	80.595	37.58
2019-11-19	238.51	75.61	17424	7008.5	80.88999999999999	37.65
2019-11-20	238.64999999999998	75.99000000000001	17514	7060.5	80.44999999999999	37.415
2019-11-21	236.9	76.475	17623	6931.75	80.08	37.4725
2019-11-22	238.36	77.175	17586	6881.5	80.245	37.425
2019-11-25	238.48000000000002	77.95	17414	6852.5	80.10499999999999	37.322500000000005
2019-11-26	236.225	77.78	17351	6728	80.755	36.9775
2019-11-27	234.98	77.35	17213	6789.5	80.91	36.605000000000004
2019-11-28	234.3	76.93	16889	6834.75	80.88499999999999	36.412499999999994
2019-11-29	233.555	77.5	17076	6858.25	80.32	36.1425
2019-12-02	234.685	77.625	17075	6912	80.37	35.9425
2019-12-03	232.095	76.53999999999999	17263	6921.5	79.56	35.3625
2019-12-04	230.87	75.905	17323	6990.5	79.92500000000001	35.3475
2019-12-05	230.59	76.2	17447	6911.5	80.42	35.4
2019-12-06	233.345	76.475	17842	6835.25	80.475	36.155
2019-12-09	235.9	77.96	18237	6771.25	80.47	37.15
2019-12-10	237.64499999999998	80.535	18251	6796.25	80.22	36.875
2019-12-11	239.46499999999997	80.965	18544	6992.75	80.35499999999999	36.92
2019-12-12	241.195	81.33500000000001	18911	7172.5	80.225	37.3675
2019-12-13	242.175	80.45	19217	7042.75	79.99	37.475
2019-12-16	241.305	80.48500000000001	19698	7025.75	79.9	37.0875
2019-12-17	241.98000000000002	81.16499999999999	19604	6968	79.75999999999999	37.3
2019-12-18	243.305	81.74	19424	6935	80.08	37.287499999999994
2019-12-19	245.75	83.06	19725	6912	79.715	37.155
2019-12-20	244.56	84.57499999999999	19842	6839.5	79.63	37.41
